VERSION: 4
COMMENT: Bi hexagonal
K0:       20.000
K0P:       4.00000
SYMMETRY: HEXAGONAL
A:       4.54700
C:       11.86160
ALPHAT:      0.000000
DIHKL:   3.9540      6.    0.00    0.00    3.00
DIHKL:   3.2800    100.    1.00    0.00    0.00
DIHKL:   2.3690     27.    0.00    0.00    2.00
DIHKL:   2.2730     29.    1.00    0.00    1.00
DIHKL:   1.8680     13.    1.00    0.00    2.00
DIHKL:   1.6500      7.    1.00    1.00    0.00
DIHKL:   1.4910      8.    1.00    0.00    3.00
DIHKL:   1.4430     10.    2.00    0.00    0.00
DIHKL:   1.3300      1.    1.00    1.00    2.00
DIHKL:   1.3170      1.    2.00    0.00    1.00
DIHKL:   1.3120      1.    0.00    0.00    4.00
