VERSION: 4
COMMENT: nickel (Owen/Yates)
K0:       181.000
K0P:       5.20000
SYMMETRY: CUBIC
A:      3.5170
ALPHAT:      0.000000
DIHKL:   2.0305    100.    1.00    1.00    1.00
DIHKL:   1.7585    100.    2.00    0.00    0.00
DIHKL:   1.2434    100.    2.00    2.00    0.00
