VERSION:   4
COMMENT: Pr, Fm-3m - fcc(ccp)-Cu structure type, ICSD 77904
K0:       25.0
K0P:      4.0
DK0DT:    0.0
DK0PDT:   0.0
SYMMETRY: CUBIC
A:        5.186
B:        5.186
C:        5.186
ALPHA:    90.0
BETA:     90.0
GAMMA:    90.0
VOLUME:   139.475374856
ALPHAT:   0.0
DALPHADT: 0.0
DIHKL:    2.99414	100	1	1	1
DIHKL:    2.593	52.2378	2	0	0
DIHKL:    1.83353	41.8236	2	2	0
DIHKL:    1.56364	53.3334	3	1	1
DIHKL:    1.49707	15.6483	2	2	2
DIHKL:    1.2965	7.57779	4	0	0
DIHKL:    1.18975	23.0985	3	3	1
DIHKL:    1.15962	21.2746	4	2	0
DIHKL:    1.05859	15.842	4	2	2
DIHKL:    0.998046	17.4465	5	1	1
DIHKL:    0.916764	4.96996	4	4	0
DIHKL:    0.876594	17.2075	5	3	1
DIHKL:    0.864333	10.278	6	0	0
DIHKL:    0.819979	6.93897	6	2	0
DIHKL:    0.790858	6.17211	5	3	3
DIHKL:    0.781819	5.94535	6	2	2
DIHKL:    0.748535	1.71763	4	4	4
DIHKL:    0.726185	9.31159	7	1	1
DIHKL:    0.719169	4.50516	6	4	0
DIHKL:    0.693008	7.93035	6	4	2
DIHKL:    0.67516	10.8465	7	3	1
DIHKL:    0.64825	0.778981	8	0	0
DIHKL:    0.633571	2.85717	7	3	3
DIHKL:    0.628895	5.55358	8	2	0
DIHKL:    0.611176	3.72198	8	2	2
DIHKL:    0.598828	5.32963	7	5	1
DIHKL:    0.594875	2.22256	6	6	2
DIHKL:    0.579812	1.99509	8	4	0
DIHKL:    0.569237	5.52714	9	1	1
DIHKL:    0.565839	3.58914	8	4	2
DIHKL:    0.552829	1.61748	6	6	4
DIHKL:    0.543641	2.99646	9	3	1
DIHKL:    0.529294	1.3222	8	4	4
DIHKL:    0.521213	3.6861	9	3	3
DIHKL:    0.5186	1.49922	10	0	0
DIHKL:    0.508529	3.27158	10	2	0
DIHKL:    0.50135	3.05124	9	5	1
