VERSION: 4
COMMENT: TiO2
K0:       200.000
K0P:       4.000
SYMMETRY: TETRAGONAL
A:       4.59300
C:       2.95900
ALPHAT:      0.000000
DIHKL:   3.2477    100.    1.00    1.00    0.00
DIHKL:   2.4875     57.    1.00    0.00    1.00
DIHKL:   2.2965     11.    2.00    0.00    0.00
DIHKL:   2.1873     23.    1.00    1.00    1.00
DIHKL:   2.0541      9.    2.00    1.00    0.00
DIHKL:   1.6874     94.    2.00    1.00    1.00
DIHKL:   1.6239     27.    2.00    2.00    0.00
DIHKL:   1.4795     14.    0.00    0.00    2.00
DIHKL:   1.4524     15.    3.00    1.00    0.00
DIHKL:   1.3598     38.    3.00    0.00    1.00
DIHKL:   1.3464     24.    1.00    1.00    2.00
DIHKL:   1.3038      1.    3.00    1.00    1.00
