VERSION:   5
COMMENT: LaB6, P1
K0:       100.0
K0P:      4.0
DK0DT:    0.0
DK0PDT:   0.0
SYMMETRY: TRICLINIC
A:        4.15489
B:        4.15489
C:        4.15489
ALPHA:    90.0
BETA:     90.0
GAMMA:    90.0
VOLUME:   71.72632689757516
ALPHAT:   0.0
DALPHADT: 0.0
Z: 1.0
EOS: {"V_0": 4.3195e-05, "equation_of_state": "jcpds4", "K_0": 100000000000.0, "Kprime_0": 4.0, "dk0dt": 0.0, "dk0pdt": 0.0, "alpha_t0": 0.0, "d_alpha_dt": 0.0, "P_0": 0.0, "alpha_t": 0.0}
DIHKL:    4.1549	59.9794	1	0	0
DIHKL:    2.93796	100	1	1	0
DIHKL:    2.39883	44.4331	1	1	1
DIHKL:    2.07745	23.6657	2	0	0
DIHKL:    1.85813	56.3708	2	1	0
DIHKL:    1.69623	31.5673	2	1	1
DIHKL:    1.46898	12.4612	2	2	0
DIHKL:    1.38497	36.0596	3	0	0
DIHKL:    1.3139	26.1314	3	1	0
DIHKL:    1.25275	16.5913	3	1	1
DIHKL:    1.19942	2.93069	2	2	2
DIHKL:    1.15236	10.7169	3	2	0
DIHKL:    1.11044	22.0185	3	2	1
DIHKL:    1.03873	3.5607	4	0	0
DIHKL:    1.00771	16.8923	4	1	0
DIHKL:    0.97932	13.5033	4	1	1
DIHKL:    0.9532	5.36727	3	3	1
DIHKL:    0.929064	7.23167	4	2	0
DIHKL:    0.906674	14.2132	4	2	1
DIHKL:    0.885828	6.59486	3	3	2
DIHKL:    0.848116	3.69426	4	2	2
DIHKL:    0.830981	3.78611	5	0	0
DIHKL:    0.814843	14.0544	5	1	0
