VERSION:   5
COMMENT: LaB6, Pm-3m
K0:       100.0
K0P:      4.0
DK0DT:    0.0
DK0PDT:   0.0
SYMMETRY: CUBIC
A:        4.1578
B:        4.1578
C:        4.1578
ALPHA:    90.0
BETA:     90.0
GAMMA:    90.0
VOLUME:   71.877139432552
ALPHAT:   0.0
DALPHADT: 0.0
Z: 1.0
EOS: {"V_0": 4.3285e-05, "equation_of_state": "jcpds4", "K_0": 100000000000.0, "Kprime_0": 4.0, "dk0dt": 0.0, "dk0pdt": 0.0, "alpha_t0": 0.0, "d_alpha_dt": 0.0, "P_0": 0.0, "alpha_t": 0.0}
DIHKL:    4.1578	59.9794	1	0	0
DIHKL:    2.94001	100	1	1	0
DIHKL:    2.40051	44.4331	1	1	1
DIHKL:    2.0789	23.6657	2	0	0
DIHKL:    1.85942	56.3708	2	1	0
DIHKL:    1.69741	31.5673	2	1	1
DIHKL:    1.47	12.4612	2	2	0
DIHKL:    1.38593	36.0596	3	0	0
DIHKL:    1.31481	26.1314	3	1	0
DIHKL:    1.25362	16.5913	3	1	1
DIHKL:    1.20025	2.93069	2	2	2
DIHKL:    1.15317	10.7169	3	2	0
DIHKL:    1.11122	22.0185	3	2	1
DIHKL:    1.03945	3.5607	4	0	0
DIHKL:    1.00841	16.8923	4	1	0
DIHKL:    0.980003	13.5033	4	1	1
DIHKL:    0.953865	5.36727	3	3	1
DIHKL:    0.929712	7.23167	4	2	0
DIHKL:    0.907306	14.2132	4	2	1
DIHKL:    0.886446	6.59486	3	3	2
DIHKL:    0.848707	3.69426	4	2	2
DIHKL:    0.83156	3.78611	5	0	0
DIHKL:    0.815412	14.0544	5	1	0
