VERSION: 4
COMMENT: KCl (JCPDS 5-0628, EOS from dcal)
K0:       23.8800
K0P:       5.20000
SYMMETRY: CUBIC
A:      6.29294
ALPHAT:      0.000000
DIHKL:   3.1465     13.    1.00    1.00    1.00
DIHKL:   2.2249    100.    2.00    0.00    0.00
DIHKL:   1.8166     55.    2.00    2.00    0.00
DIHKL:   1.5732      2.    3.00    1.00    1.00
DIHKL:   1.4071     15.    2.00    2.00    2.00
DIHKL:   1.2845      6.    4.00    0.00    0.00
DIHKL:   1.2940      1.    3.00    3.00    1.00
DIHKL:   1.2610     11.    4.00    2.00    0.00
DIHKL:   1.1515      7.    4.00    2.00    2.00
DIHKL:   1.0855      1.    5.00    1.00    1.00
DIHKL:   0.9969      2.    4.00    4.00    0.00
