VERSION: 4
COMMENT: BN
K0:       100.000
K0P:       4.00000
SYMMETRY: HEXAGONAL
A:       2.50399
C:       6.6612
VOLUME:        34.9786
ALPHAT:      00.00E0
DIHKL:  3.3306  100.  0  0  2
DIHKL:  2.1685    3.  1  0  0
DIHKL:  2.0620   17.  1  0  1
DIHKL:  1.8173    3.  1  0  2
DIHKL:  1.6653    7.  0  0  4
DIHKL:  1.5514    5.  1  0  3
DIHKL:  1.2520    2.  1  1  0
DIHKL:  1.1719    3.  1  1  2
DIHKL:  1.1102    2.  1  0  5
DIHKL:  1.0843    2.  0  0  6
